	大					美					港				金	小
	32.04					16.66					39.44				9.24	2.62
	300LOF	50LOF	红利增强	300增强	量化增强A	品质消费	标普500	标普500等权	纳斯100	成长	中小盘	分级	国企	精选		
	163407	160716	100032	000311	000172	162415	161125	096001	000834	000043	501021	164705	110031	040018		
5 (10w)	10.68	10.68	10.68			5.55	5.55	5.55			13.15	13.15	13.15			
6	8	8	8	8		4.17	4.17	4.17	3	1.17	9.86	9.86	9.86	9.86		
7	8	8	8	8		4.17	4.17	4.17	0.3	3.87	9.86	9.86	9.86	9.86		
8	8	8	5	5	6	4.17	4.17	4.17	0.03	4.14	9.86	9.86	9.86	9.86		
9	15	8	0.5	0.5	8	7.83	0.5	4.17		4.17	9.86	9.86	9.86	9.86		
10	15.9	8	0.05	0.05	8	8.28	0.05	4.17		4.17	9.86	9.86	9.86	9.86		
